10000 6599
3313 1699
4617 3512
5320 4842
3795 2319
1032 414
9988 8339
3870 2132
8278 8205
1238 449
4616 2415
4810 3080
6173 3007
3726 1357
1224 936
6223 2519
4858 2450
6158 2261
4629 3814
1663 1168
1327 945
1213 862
4601 4474
9877 8133
4358 3617
2590 1363
6695 3199
7470 2853
5646 4501
4224 3005
4392 1621
4706 4576
748 318
655 344
5592 2873
7039 3257
3034 1288
4924 3266
5920 3364
4361 1590
9986 6379
8793 4352
5721 3300
3834 3391
8192 3659
1526 552
6679 2439
1534 723
7910 4462
2059 1947
322 160
4926 3039
5410 5129
5140 1813
2363 1535
2409 1316
8613 3348
3100 1089
8804 6330
8157 3935
4913 2791
8712 7351
8239 8094
3137 1627
8261 8045
3514 2272
9350 8629
9585 7584
3200 1608
8432 5100
4942 4366
7884 5134
2040 1885
8330 7148
7185 3278
7134 7070
2435 1654
6260 2641
2714 2502
6236 2378
2344 1815
588 394
5340 2862
8081 5239
557 470
9189 8544
2906 2851
8209 4656
9947 3670
7772 7163
3889 1885
9145 8904
4456 2777
3943 3912
9282 5786
1245 673
1060 892
8697 3654
6271 4397
2711 2427
8397 4401
8939 4730
3345 1311
275 252
8814 4752
6140 3416
2541 1157
5341 5228
6730 2509
3587 3308
6716 2341
7927 5855
596 443
1117 727
7439 5378
7435 4046
7882 6242
1850 784
1725 985
6338 2672
4138 3686
8098 5587
7544 5576
2961 2164
1458 1077
5981 3534
6567 5241
3086 2180
7000 3997
774 702
4864 2833
2180 772
1312 512
9810 5254
2615 1599
340 209
1432 866
7793 4290
3553 3536
8885 5555
9676 9036
2815 2487
4007 1585
1692 1092
5884 3083
3414 2113
2747 1159
244 150
1660 1559
9600 4017
5465 4716
9729 6233
260 217
6707 5683
8701 6164
1946 1860
9358 5043
8926 5883
9985 5867
6534 5754
1279 654
5653 3142
8136 7257
799 304
6561 2238
2779 2638
4412 3124
1475 709
3072 1362
8333 4165
7617 6092
7822 6504
1479 586
6722 4410
7613 7073
246 226
8895 8317
6823 3403
9009 3735
5241 2369
8497 6555
2758 1658
1785 1725
7663 5267
48 24
4905 2820
1323 794
8244 7877
7487 4568
5193 2157
6898 3644
7300 6263
542 297
1913 1869
7427 4114
3545 1960
7754 4252
8309 5137
3301 2561
3683 3624
6397 4747
2477 1049
4709 2237
2361 1288
8544 4255
9383 8436
482 427
7257 3255
5781 3750
812 382
7216 4136
2936 1019
9525 7437
2138 1034
508 362
7464 3050
921 686
3503 3278
829 757
1927 857
1658 696
6287 3546
4741 3876
6489 5948
9334 8684
1808 751
1824 1722
292 280
9455 5578
3288 1270
9265 5920
6242 2861
4405 1640
4296 4092
6372 5894
6252 5299
7752 6852
6610 4664
4966 1667
4376 4317
339 296
3184 2213
4340 2025
7306 6252
1017 804
1751 600
9939 8865
409 348
9402 3313
3377 2231
6357 3675
5515 3886
7338 5486
1693 1025
9310 7738
3980 3886
9245 8820
783 689
5343 1922
2587 2394
4743 4041
9606 7705
6494 4735
528 254
5487 5414
4102 3228
7668 5517
9226 5283
424 158
282 186
6276 2467
8458 7650
7669 7251
7173 3612
159 70
6821 2755
4234 4107
3427 2105
4578 3751
909 551
9312 4949
7160 5390
8357 3797
76 64
624 466
4249 1517
7538 7090
8398 8337
9675 8795
2641 2506
3112 1087
5747 3829
3400 2348
9492 5358
1795 1508
5733 1981
3757 3449
279 256
1298 784
4931 3515
4127 1570
9164 5319
5462 4783
1969 828
5310 3338
8765 5249
5914 3879
8611 4608
335 286
8834 8169
8334 4513
7753 3240
1011 539
7552 3732
9437 4484
1077 816
8484 6180
426 183
1317 1058
6569 6484
9144 7510
1204 1081
467 416
4969 3453
6616 5216
5421 2448
9998 4332
5801 4199
227 156
7352 4410
7956 5518
1884 705
2245 1060
7905 6360
6229 4911
6564 3271
3528 2066
1823 1398
3488 3072
1415 872
3727 3412
6484 2204
6050 3724
326 255
5041 3329
3679 1693
4992 3690
480 287
8456 6571
5196 2316
3475 3099
8515 4278
6518 4591
9721 5483
818 810
4436 2548
3246 1385
4080 2089
6623 4504
8480 7688
3309 1491
1698 899
1261 942
1527 888
1967 1781
3321 3208
1193 917
3634 1796
7601 3992
27 14
4029 3927
7986 7974
324 147
111 101
3349 1726
141 84
1793 684
2189 1765
6865 3303
828 698
8104 6997
7142 4808
7505 4436
8696 6453
1253 1207
5368 2725
3047 2599
1542 540
4022 2584
1985 832
1766 1053
1024 653
3095 2304
2017 1015
4804 4390
5135 3866
4011 1458
6630 4443
1574 1250
8222 4687
3264 3197
6541 3551
1869 856
6398 4343
2299 1483
9860 4952
1783 1665
2973 2439
4639 2066
6136 2764
9717 5428
754 296
6176 2942
5451 4810
980 832
9855 8736
4148 3103
2639 2402
1651 1422
9549 9411
7113 6804
4180 3949
1893 1809
6067 3875
2823 2007
2798 2417
772 638
8132 2755
4403 3049
8371 6163
5672 4274
9712 7882
5943 2492
9132 4070
3033 2665
1636 1213
487 166
5693 4390
607 313
8608 4082
6181 4462
9284 6657
4453 2526
3665 2532
5536 4134
3813 2629
1568 1240
7078 2972
58 40
2809 1613
9594 4162
7655 6642
2625 2000
4736 3585
9444 5336
1950 1062
2246 988
2043 1746
2550 1142
9635 4279
9596 3501
6202 5341
9566 8440
2551 1499
832 711
195 167
4557 3478
3412 3177
3487 2094
1968 1454
4725 4410
6056 5056
7003 3396
9443 5094
4560 2922
9902 3938
3542 3308
1233 1017
2838 2234
1464 811
5471 5110
5865 5420
9033 5449
39 18
6137 4748
9521 8812
8492 8311
5940 2914
4213 2720
6335 5378
8911 4859
197 122
8764 4116
6465 4062
7589 5001
2814 2277
2014 1732
3016 1432
9915 4334
3525 3390
3838 3779
4921 2146
6647 6069
2984 2847
9174 6127
4987 2506
7802 6262
8242 5866
6416 3685
6183 4669
149 74
4634 2395
762 290
3588 2626
3501 1436
5491 4371
1879 1173
4608 3576
3456 3000
6979 5627
9569 3247
9763 7413
1280 659
2102 904
1488 888
1627 931
273 271
6456 3340
70 68
5326 4704
2176 2166
6328 4280
1442 898
8356 7759
8463 3047
1997 1099
4624 3168
1870 1200
5996 3249
2572 935
7742 5851
3425 2663
1313 841
7634 3180
7997 6942
7686 5194
3674 1936
5055 1684
7355 2642
6235 4077
4114 3972
8730 7476
2418 2412
9431 8316
5662 5220
3578 3140
518 350
2556 1567
3307 2775
5598 4351
6419 4072
9613 8297
4301 3847
7549 5366
5766 3665
7389 3259
1782 1209
1231 883
8597 7465
6317 4237
358 253
8904 8445
9854 8889
1295 1139
2946 1687
2506 1438
5681 2388
77 53
9068 8770
1328 893
8308 6372
3305 2916
2283 1743
1064 358
5873 2537
9678 6174
4631 2774
2583 1944
425 366
7442 7284
9321 5641
6210 5398
453 249
440 430
8172 5661
2073 1226
2353 2217
4935 4355
5382 4289
4110 2680
8328 5293
6698 3429
5475 5398
2325 1078
5927 3739
422 192
5361 3044
6412 5311
5745 2812
1096 1091
8197 5234
1452 1086
2950 1347
6482 3385
9179 6868
3431 3245
8230 7948
4222 2332
1973 1743
6355 2571
5092 2684
3110 1709
6455 5488
1801 995
6193 4633
2156 1449
4101 1382
5647 5260
5650 2099
9932 5756
9626 3990
8817 4398
3081 2314
4046 2678
1360 793
319 211
9748 8390
163 67
241 102
9816 3432
2368 2363
7271 2435
436 207
8651 8114
9838 6730
5835 4489
7995 3848
6108 2841
2631 1823
7369 6745
483 380
3221 2454
2846 1629
5325 2124
7863 7675
6333 4751
7525 3321
3805 2867
6858 6191
1840 1706
215 122
5467 1998
4191 3748
9133 8211
578 228
121 54
9342 7714
4663 4245
6961 2638
9015 6246
5885 4242
9115 8658
1565 734
7253 6620
7162 4404
4189 2120
305 187
3839 2454
5495 2556
6316 4020
296 127
8681 7528
6314 2840
7891 3246
6814 3161
4140 1509
8950 4903
9565 5134
6763 3323
1962 668
742 284
7095 5634
4916 4890
2349 1089
2449 1543
2937 2499
4404 2492
4237 3873
9835 3357
5493 2159
3245 3039
6945 4985
5917 4433
3342 2396
2559 1618
5259 3093
7896 3720
8634 4613
3682 3484
2897 1311
7658 6473
4499 4192
8740 8111
1821 1628
3951 2098
5252 4512
7365 3199
1369 936
6002 3100
2280 906
4791 4721
1539 627
7568 3131
3150 1127
5841 3507
7239 5959
299 151
9601 7684
5210 3391
5024 2054
6921 4350
148 107
5803 2294
8915 8773
1180 1160
2781 1227
2921 1077
5538 4124
2375 1271
843 649
2161 1576
3780 3654
3374 3110
6370 3595
2498 1484
4491 2164
4123 3885
4295 2647
1528 1260
1321 941
9467 8679
9085 4355
4667 4619
5630 2395
7946 5741
7200 2883
7425 4738
2732 2300
9224 7990
5510 3630
7051 3347
9811 3487
6367 3059
3122 1676
2365 1026
3714 2585
2476 1021
2313 1014
2037 1316
9732 7779
9084 4946
6531 3783
7045 3984
7507 6332
9929 6906
1428 1058
3905 1757
4260 2079
3766 1667
9872 6676
6557 3674
7322 4292
5083 2884
6306 3387
4420 4319
133 63
3581 3541
8927 4116
2488 1282
3123 1183
1770 1487
2147 1002
230 228
3722 2828
3133 2787
7576 6130
3698 1803
4733 3709
4402 3866
2446 1651
1863 1243
6947 3450
234 80
5194 2497
5548 2461
1825 871
8931 4872
9227 4951
711 266
6432 3922
2504 2427
555 217
1709 1160
427 143
9315 6233
8974 7952
3353 2500
3419 2995
933 443
6042 2189
1779 1612
3686 1787
507 396
213 97
3218 3016
4206 1644
8521 3490
7708 4674
639 365
632 486
7791 3945
8607 5672
1778 1765
2800 2657
1503 1075
8841 3777
3077 2035
1177 807
4161 2608
8539 3501
7795 4818
4330 2426
3306 1769
9912 5112
6442 2332
4146 1521
7114 2754
4907 2696
4327 4296
4427 4159
3524 1984
3536 1481
816 570
3564 1770
9532 5089
6565 6288
1040 953
8907 5864
7040 5548
8625 5398
1860 1503
5911 3390
2593 1029
2424 1477
4850 1869
1933 1083
7869 7001
180 86
2031 893
4487 3806
884 453
5203 5122
1837 705
2009 1762
6779 6291
6877 6630
7833 7560
3492 1298
2606 2018
8775 3413
3023 1316
7888 3620
8591 4301
4838 3700
1599 1578
793 536
7761 5436
8146 7549
5821 3015
3807 3778
8005 5071
4062 3857
8256 8117
6899 4364
4971 4236
196 141
2186 951
932 424
9555 7820
5854 4842
5409 2627
5532 3156
7657 5328
5761 2667
6080 2284
1938 1773
537 351
1736 1012
7262 3201
9655 6235
9894 5577
352 146
7654 3950
7711 4840
6782 3534
7285 6852
104 87
7615 2594
5312 2642
554 248
9250 5272
9113 4240
5120 3644
179 75
9482 6991
3626 2077
3477 3299
4081 3040
7333 7116
937 381
6880 4003
1945 1207
767 740
6374 3680
8340 8328
2977 2829
9047 6368
8593 4250
6146 4649
8980 6408
2730 1626
3833 2475
9622 8182
459 324
8208 5851
6778 5674
6493 5196
3416 1625
2160 2039
6927 4778
7049 6754
3058 1817
6939 4278
8508 8265
8044 3212
7123 4285
4276 2467
1194 778
5424 4473
1711 1324
5342 4184
4085 2479
5257 2648
2265 2178
8266 3960
6774 4063
1525 752
3533 1598
1925 1808
8341 5111
7432 3031
4308 2460
5690 4648
6892 4172
7373 5078
538 336
6258 2178
3928 2476
795 686
4554 1974
8185 5223
1904 1730
1902 1092
9857 8710
1255 527
4447 3644
9389 7133
6033 5071
7163 4751
8095 6751
3131 1798
2062 972
5071 4094
1887 864
6805 6653
1355 881
1668 803
5579 2774
4530 2955
7594 5576
1920 980
4813 2838
5852 2124
7376 4053
3448 2589
430 270
5499 3690
6761 4195
6349 5065
7152 2933
2260 1642
7672 5830
5709 2217
1350 729
7226 7040
5527 3617
719 270
9117 3407
5102 2544
4511 3555
5807 5419
1457 827
1560 660
981 828
7323 5291
4748 3452
128 82
291 246
4875 4066
9694 4513
3390 2167
9477 7043
9805 4843
9772 3571
4351 3480
5971 4242
768 750
1965 938
469 458
6326 5472
3064 2372
4165 1456
4369 1609
1262 1175
9352 6568
194 166
738 648
4370 2878
9120 7353
2594 2011
4766 4394
4854 3888
3457 2140
858 781
8042 6272
6243 3815
3338 1558
6079 4711
6587 5222
7983 3747
1303 1205
7952 3657
8504 5478
5034 3718
3896 3009
5044 3704
5845 4334
1749 802
9074 8253
1416 937
9851 7724
3281 1288
5449 4429
1419 1067
2201 2093
5328 2156
9972 7774
2623 1315
7015 4905
5262 1930
4070 3137
7390 4881
6797 4801
9967 8619
2139 1931
4497 3962
6439 3434
5113 4216
6273 5975
2546 1693
1909 828
4270 3763
1980 735
4889 4369
7570 4489
7526 7200
102 98
6420 4003
4196 2745
8714 5760
676 442
110 89
2806 2748
5523 4543
7540 3347
3725 3610
6713 6026
5888 5827
8171 6865
8160 2854
3363 2653
2243 2110
1761 1508
7436 4223
938 546
3511 2322
5007 4870
8690 7096
174 138
5897 3978
2131 1688
7610 6034
7146 2780
3977 2269
6633 6090
2654 1597
8940 8616
4516 3568
6125 2646
4822 2493
6344 5988
8327 6058
7251 4063
8787 8161
6895 2666
441 420
8750 3000
9283 3840
8790 8039
7354 6183
1942 1439
4595 2034
2958 1799
2957 1249
6936 3476
7535 6566
167 101
7768 3737
7646 5213
5219 3542
6203 3989
7 4
8107 7982
6351 2160
7645 4312
8154 2762
3500 2153
7065 6766
5376 2702
9218 3493
8635 2969
5522 3263
5933 5291
2320 1861
9542 6730
1859 1673
7719 4125
6163 3977
8685 5642
9950 9446
6298 5912
9036 4780
2532 908
6392 3751
8391 3669
1256 909
8586 6957
6638 4818
6099 3169
8008 4256
8080 7711
1492 791
6446 5296
3618 2445
9219 4750
800 759
3069 3027
936 720
3607 2174
7048 6957
5601 3095
2949 1697
9943 9789
4794 4435
9776 6795
473 394
9247 4729
8011 3143
4243 3945
2124 1280
8088 4176
4609 1844
9484 6092
1936 991
3359 1430
7773 6903
4240 3976
5394 3004
4039 3326
5726 2650
8647 8022
3396 2264
3723 1890
3108 1103
8917 4093
9800 5256
2882 2788
7868 5379
6102 4205
3992 2868
157 95
5563 3207
2241 1416
1601 559
9273 7137
7920 4808
2574 1140
6767 4268
1753 1155
1676 1443
8036 7088
3409 1924
92 90
9660 6347
953 543
4333 1748
6810 5365
2117 1044
3821 1837
6322 3128
7558 2928
6499 3712
8032 7692
1575 1019
7140 2538
3692 2629
3433 1897
7542 6396
1104 709
7929 4747
4977 4280
393 214
3025 2980
1048 359
3630 3397
7662 5440
1826 1000
5178 3153
7254 3281
6294 6030
8995 3783
4010 3516
8207 3559
4526 2875
6744 2644
3334 2951
5043 5007
6930 4058
7767 4604
907 365
6010 4624
4567 2272
4950 4248
8301 4129
3335 2094
8650 4455
3664 2286
5166 3936
4163 3660
4613 2495
9916 5989
9077 8038
9534 8808
8964 4429
6969 3284
514 171
2916 1805
2885 2365
3295 2261
7419 3471
3684 2572
320 108
7605 5405
5240 4687
9766 8400
7703 2947
2500 2450
3959 3182
784 641
8377 8083
6601 5045
6521 2506
274 93
6495 4756
7420 4448
6872 6265
5311 4226
3702 2381
9414 7530
8717 4606
827 457
839 306
9615 6979
3551 2718
1189 693
5600 2062
8173 4551
8193 6805
9640 3905
540 464
2154 1452
3344 1282
7196 3684
4550 4123
1021 699
8806 5477
185 164
9849 9838
3470 2099
3207 1498
2821 1023
6054 5176
8127 3129
9990 8942
1611 1052
9274 5747
4090 3419
1337 912
1704 1627
8748 6061
8237 5997
9623 4502
9276 7983
6727 6003
5428 5404
5615 3938
2975 2383
5359 1889
2705 2287
1244 1077
850 489
9316 7918
7569 3280
8958 4558
9735 7216
6693 2846
43 38
2355 1217
9045 3242
552 363
202 91
5674 3405
285 263
6096 4396
8757 3574
5922 3342
928 429
3921 1563
4664 4388
3901 3058
9107 6287
8868 5223
6751 4906
6784 2990
682 584
9425 9111
1697 1036
7885 4112
7462 3835
7789 7360
3803 1482
4760 1667
1650 1430
5289 1850
1833 1521
4626 2637
3239 2427
4587 4168
2703 1814
1612 1261
7758 6208
108 107
4919 3825
7695 7179
7502 5907
2756 1225
3415 2973
496 490
786 444
522 230
2066 1873
2683 2010
4720 2714
7295 4476
6579 4614
4445 3997
4714 4590
5144 3777
1765 669
9377 6225
7397 7013
7968 5096
5710 4487
8612 3519
1146 1022
7236 2432
6198 3697
5176 3520
851 513
4347 2366
3004 2011
1119 510
4537 2250
6605 3147
3653 1988
8404 6112
1820 849
9302 8771
9424 5989
7630 3872
8951 7694
5369 5162
5930 4861
4841 3876
8457 2894
2085 923
2706 1470
6452 2970
5691 2654
7770 6881
6147 2965
8476 8057
645 217
842 413
1308 736
7161 5946
2300 1263
9839 3726
150 104
4464 4335
5969 2967
9504 8703
2795 2315
9355 4498
4544 4169
8399 8175
5323 2481
2273 1683
7514 2789
8959 7437
9125 8318
2058 1804
1267 1111
3558 2546
318 200
569 205
5134 4839
8178 3107
1570 1300
5238 3196
9178 4732
2993 2459
1266 537
1265 425
8616 4582
3656 3263
9112 6136
1490 636
2914 2719
2991 2987
7426 6105
2890 2679
9101 6632
3990 3940
7534 5129
6586 4971
3330 2561
3592 2295
3196 2315
6615 4377
3194 2500
9052 3280
8075 7135
3918 3641
9089 4375
9095 4977
5220 2031
9587 7107
8407 3338
8507 5246
6725 3308
6358 5860
866 796
5346 4776
2638 2504
1150 603
4377 3704
2929 2836
4139 1825
6717 4621
5954 2833
3407 3328
7024 4230
2640 1107
1408 1218
8986 8798
4485 3028
5006 4315
3532 1685
4896 3388
9260 4223
609 244
2339 1325
1367 750
6109 4538
5728 3546
9674 5499
9536 7968
3917 2915
9996 9548
756 576
758 394
1634 628
1016 570
6138 4351
7556 2695
4439 2329
5968 4687
5244 4028
7454 5349
7225 6064
407 312
488 265
6864 3384
7677 6228
3444 1153
8229 7198
2222 1582
4671 3827
7219 3994
838 384
8082 3527
8151 3156
6319 4493
867 647
7531 5688
1053 866
2996 1597
1186 635
1208 639
494 357
79 37
5986 2235
3962 3218
5618 4981
4654 3211
278 161
7451 2925
6826 3447
6960 3069
2505 1807
3996 1535
9016 5180
559 421
499 170
3983 2824
6291 5530
7907 6501
423 201
5180 2544
7963 5805
8116 6154
8070 5429
7131 2669
5982 3057
961 747
3001 1830
1572 937
2616 2265
4230 3593
9641 7195
9700 9664
5416 2043
3696 3078
8017 4913
4040 3391
4132 2584
1154 565
6160 5752
686 345
4528 4286
3604 1958
5281 1952
3801 3768
5806 2022
5460 3997
1050 1016
8145 3703
7353 7004
2933 1461
9356 7551
8673 3627
1637 1013
8384 4275
9570 9562
9401 7790
6068 4753
7062 4369
2167 1809
6284 4881
2356 1892
9826 7393
5353 4012
5387 5004
8741 8212
6709 6310
2673 1733
8194 4593
8090 4438
7572 6118
1535 633
1128 561
3241 2304
1192 919
4865 2062
1856 1539
2802 1032
2229 1033
819 309
7633 3912
6145 5911
9845 4111
1712 902
8788 6317
302 212
647 476
2188 2032
8674 3920
4381 2440
127 73
3737 2341
3960 3724
4888 3135
199 138
978 370
3129 1523
7320 4426
3048 2687
5065 3908
351 142
1796 629
3711 1462
8571 6383
4918 3199
4871 2452
8548 4104
4279 4156
8726 5093
4018 2555
8552 4861
5550 2904
5541 2553
4151 4054
101 58
3454 2772
3045 1938
2777 1649
1349 1245
2071 1923
9784 5447
431 220
3831 3360
1789 866
9741 3296
5149 2792
8462 6412
4265 3809
3371 1422
4584 2000
7326 5509
7841 3805
4305 3741
8037 4462
4849 2255
4728 2044
6949 3068
214 163
8255 6834
7331 3154
6660 4914
7132 4935
4266 3923
7457 3446
8928 4653
2840 1219
4658 2155
2254 1329
7513 6273
976 497
6281 4887
4465 4296
6992 6484
1264 864
6918 3625
1507 1337
7184 3569
3687 2263
7402 6298
1666 1620
2107 1920
6576 4915
9965 7188
5100 3627
1806 807
6796 5377
8657 8642
8003 7608
4367 2012
1463 777
5089 4228
3103 1681
3096 1741
8450 8158
704 271
5298 3579
1617 806
105 88
2870 1661
9457 4668
3063 1523
9306 8830
2292 1870
5582 3457
9050 8548
9362 8105
718 479
3924 2030
4122 1575
332 290
7066 2871
4290 4219
1087 1085
7088 3881
7371 4801
7500 5670
9453 5562
8899 7718
1218 986
2931 1264
7836 6614
4698 2034
2123 1012
1141 467
1952 1321
3958 2999
2314 1865
7510 3921
2399 1117
9194 7220
6522 4111
6537 6448
6851 3151
4000 3361
8215 6396
7573 4198
9736 8034
247 201
1505 1220
1836 1801
337 197
3648 1365
4210 2860
4819 2290
2389 2208
5481 3420
1495 996
9742 3972
3055 1828
2238 901
2923 2422
9572 3800
3388 3206
2441 1125
6789 6229
8642 2969
489 233
6790 2337
6376 6188
5528 1949
317 229
955 385
520 356
8292 7341
3753 2919
1482 1345
7641 6951
8125 4730
4968 3817
5036 2850
7172 4286
3071 2238
2589 2018
668 576
9388 4289
2052 1026
7423 2716
2402 1158
3655 2930
2721 1559
8934 4075
9026 5776
5652 4608
7759 3787
919 306
6844 4223
4690 2018
2144 962
8511 5446
5991 2369
9503 8243
1775 915
1111 786
2237 2083
4021 2635
5776 3555
4696 1835
4399 3988
8851 3863
1276 907
9108 5104
1176 734
3050 2893
8445 4665
6424 6156
1178 568
608 540
841 524
9023 8761
5282 4312
1949 1296
5816 2554
8040 4207
4 2
7848 4021
6272 4073
8818 6446
3226 1692
3971 1892
1055 585
4542 2034
2367 1022
709 279
2175 1823
7473 4168
6261 4168
1763 1017
2149 755
2153 2003
3783 2441
6889 6557
8401 5032
3935 2905
4563 4045
8332 4627
8807 4019
8434 3594
5291 2122
1446 991
7279 4868
1900 1040
7406 5841
4687 2346
9141 7538
834 324
3232 1997
9230 3224
3689 3277
6189 5285
3994 3055
4389 1862
4576 4528
3505 1484
710 346
1686 1598
6004 4453
8155 6540
7298 3365
3026 1547
935 909
8367 7336
8706 3410
6556 5761
729 442
4979 3598
1305 872
599 346
171 110
1120 968
8441 6792
7501 4016
3858 3014
1454 678
3806 2964
9348 6344
6847 5811
8026 4211
1640 1584
7109 6762
1299 536
8933 7516
8679 5128
6058 2735
7787 4942
5703 3263
5408 2873
6228 4137
7270 3868
7774 4672
7889 6789
895 692
7381 3634
4632 4207
3251 1168
2783 1134
6913 6195
8875 8707
6159 5311
2013 1732
1732 795
9034 4013
638 591
9745 3634
9001 3502
9876 6166
1449 923
4494 4403
606 366
825 477
6391 5149
9964 9384
50 28
8387 6226
8337 6580
4020 3902
9346 3396
6378 2774
6839 5054
8435 4437
6155 3298
7263 5094
5367 2657
3602 1921
3694 1495
8869 6148
2740 1294
4531 1910
6353 6271
3914 3094
5962 4477
6879 4473
9323 4912
4515 4408
619 317
5392 4111
9438 3502
9213 9151
1269 451
2155 1294
55 41
9019 6789
4422 2565
4597 2520
3106 1226
845 444
5447 3925
4031 2742
124 71
4990 2523
6771 4618
3942 3924
4446 2651
9506 8811
5221 2492
4835 3230
6970 4424
5482 2588
7579 4731
9413 7570
9602 3764
7972 5483
7192 6503
4833 1782
6187 5150
9495 8535
5800 5473
2644 1232
1143 986
746 405
1854 1281
5779 5238
2471 1217
1551 887
3192 1932
8393 7600
3481 3073
1491 966
187 120
6629 2792
1001 485
4827 4366
7713 7207
5848 4995
7443 4298
2852 2409
5731 5602
5871 4716
4441 3538
5935 2163
1672 1175
1007 569
4847 2265
4886 4226
7486 3350
627 486
9485 5324
5658 2354
9188 5009
7727 6368
6726 3421
232 179
181 176
7782 3341
1086 952
3989 3703
5401 4326
5886 5119
8923 6761
3887 1870
7520 4297
891 553
4523 2819
392 233
6929 4832
183 167
2270 761
9446 5691
6614 2243
8067 6574
6070 3730
7094 4854
6092 4792
9618 5770
7590 4043
1883 1166
6887 6011
1915 744
5468 3219
8589 7681
969 462
7619 3101
1339 572
775 290
4546 2101
2380 1106
5032 4330
7183 2720
2832 1407
2618 954
173 141
9657 4152
7969 2975
3041 2885
1284 517
8897 6363
5893 5876
9515 7776
4215 3634
1643 1541
2960 1377
4016 3482
6377 4592
6487 4696
8018 3535
3104 2388
612 557
9253 8498
9682 5533
8627 3124
4179 3090
929 926
2643 2096
2691 1349
9390 4899
896 592
7671 6004
2447 1377
5961 4124
4043 2941
7919 6427
4331 3423
2294 1056
8894 4684
7102 3275
9983 5146
2489 914
4798 4408
5623 5418
9874 7870
8470 4486
7545 6970
6278 3298
9361 4713
1227 1166
2286 1470
8952 8840
9298 6141
6130 4289
263 147
8534 4153
6919 4659
8882 6037
8783 3866
6048 2943
5613 5073
2843 2712
9779 7526
9394 6587
2023 846
8115 6973
5511 4669
6018 5942
8994 8391
16 6
7115 3083
9146 5184
999 926
2408 1866
4121 2646
1955 1495
2466 2070
22 14
5366 2820
9603 8981
4209 3756
1444 1414
3304 2522
11 10
2577 1019
372 362
553 252
3522 2956
6549 3356
7499 4899
5336 3533
9888 4149
8189 7718
5823 2322
3781 1472
8293 3514
3303 2601
4145 3259
3114 1502
3464 2330
8415 7276
5293 2291
646 364
6828 4133
4119 2343
3844 2283
4364 2407
9711 9576
4470 2296
2837 1158
5051 2897
9707 7515
1263 996
4975 2066
7955 7297
4700 2172
4809 2139
5895 4733
4904 2125
9288 3334
1460 985
9244 4303
435 301
8366 7263
8349 7364
9345 7333
2519 2413
3791 3054
8568 8187
1116 994
7491 6748
5616 2287
5463 5125
4701 3951
3213 1130
2467 1098
8909 3190
9578 6948
3270 2681
4291 2227
1259 1239
8626 7522
2507 974
4754 2922
9327 3127
7638 3673
9270 4681
3290 2061
7111 5239
6526 4427
3402 2378
8324 3895
293 104
9754 7982
7993 5992
1999 1144
9582 7010
9138 7026
4352 2470
1569 1002
9545 8973
9625 3536
9873 7947
4292 3024
6665 3507
7821 6794
1388 1133
8009 4508
4356 1797
7659 6319
5518 2621
8991 8142
8220 3149
3810 3551
2315 2095
8682 2902
3386 2977
41 29
1832 1345
3627 3351
6086 3805
2620 2488
8054 7252
5590 3686
650 411
2090 1329
6127 2401
140 67
8429 7994
1097 827
4646 4563
7082 2900
4659 4588
3179 2276
8302 4545
4592 3052
8408 5346
9550 5656
5769 5280
2600 2544
6001 5877
9875 3475
9131 4920
5928 3511
3899 3186
3880 2289
688 482
5200 4978
591 501
2524 1099
3279 1404
9798 8017
766 268
1148 537
2969 1875
3116 1977
8022 4875
189 179
7894 5560
8969 4327
2194 1480
7272 6689
872 806
4108 1712
3068 2498
6562 4543
3846 1930
5003 2767
8839 4916
82 42
8864 3931
7488 4263
6740 5327
7260 3466
806 595
1861 1560
7771 5028
9599 8626
3703 1802
6450 3794
7076 4660
2684 1864
2172 1779
1167 880
3151 1514
8087 7405
7477 5344
3124 1616
4649 1900
4801 4372
6940 6514
1357 849
3314 2927
1135 854
1068 560
1774 594
3893 2979
1156 869
3285 1987
875 805
1145 433
9848 4685
7732 6877
3809 3088
1573 1428
5932 2627
6773 3438
1270 490
9822 9112
3825 2782
8343 3857
8409 2906
4250 3647
1254 976
3929 3300
8802 8016
3289 1186
8287 7566
915 516
7347 3364
5275 5192
8610 2939
874 468
1657 1242
5371 2382
871 702
551 426
6040 2455
1161 1080
495 305
918 399
7237 6042
7797 5610
1800 1364
8370 2883
9610 4023
6627 5085
5974 5447
9370 6654
566 398
103 65
4826 3447
2985 2540
455 381
1864 980
3743 2743
6678 4987
3441 1466
4855 1632
2987 2062
4995 4724
8093 6504
9977 6092
131 85
3211 2215
8012 5542
8510 5528
7951 5542
2578 2305
9498 4247
7014 6398
6912 3353
3173 1141
1418 916
1923 1113
3243 2613
1067 882
2415 1984
4758 4416
1028 488
7147 6532
3888 3005
2737 2252
4755 1950
6956 3037
8281 6083
3589 3526
837 291
1566 949
7458 6532
6303 5905
2915 1623
2645 1039
9055 5977
6860 5597
8119 4358
3822 2474
2259 1838
8749 6650
2688 1475
5617 3863
2905 2301
691 369
4435 2572
7932 3934
289 109
5331 2500
1713 762
8316 4997
3978 1522
5810 3170
2324 977
1816 1561
7342 4829
52 19
1468 1408
5795 5021
2763 1452
5521 5218
9870 4608
4843 4631
1564 923
8530 4537
4611 1734
7275 3151
1158 646
7756 5176
3496 3321
348 213
446 328
9573 7688
8578 4090
4666 3297
72 26
416 275
2751 1754
4771 3896
3878 3209
1212 684
3332 2828
8475 4344
737 481
6186 3770
9970 4155
5793 5624
5657 4162
3732 3290
6211 4354
1628 706
1300 569
7546 7517
8221 6458
1743 968
9724 7273
9143 5668
9621 3621
2351 1754
6382 5454
3966 1999
6418 4250
6840 3513
809 550
9778 8382
2983 1398
7207 6587
7800 3104
2231 1871
3527 3462
6991 4886
7582 5027
2290 956
7110 2379
1205 687
3445 1191
3091 1471
7835 2873
432 198
2129 727
1413 1281
2191 1887
1410 651
3450 1552
6296 4342
418 321
1363 1279
9397 4025
8283 5775
9908 7974
2724 2356
8852 4792
2168 1589
6307 4771
6064 2991
1556 970
3562 2722
2481 2295
5337 1853
8595 4356
4749 1937
7628 5824
3261 1547
3718 3484
8668 4013
7702 7645
3519 1322
2966 1183
8424 3512
1123 568
587 474
4432 1644
5540 2244
593 267
5827 3140
7830 6974
6143 2714
4566 3796
7288 4958
7449 4849
7383 4604
2278 1185
3515 2704
5290 3359
3327 2833
7712 4564
7786 7392
517 285
906 669
1829 684
5020 2332
5649 4610
9450 7435
9004 5246
8449 7291
4539 3165
1351 777
3567 1311
2048 690
1039 685
9591 7989
4019 1450
4059 2224
129 100
6644 5504
2047 1321
9867 8660
386 365
9505 5143
1232 1063
9614 7848
9203 7932
7104 2696
9528 9028
9713 7762
2926 1181
4635 2369
9795 6041
9191 6545
5568 4439
9995 7636
4870 3723
987 915
151 127
6890 6325
6453 3568
8162 8142
9752 6740
7649 7368
2460 2196
4715 2173
8582 4664
9799 4801
5319 3234
5938 5298
4095 3264
6923 4735
9819 5167
6031 5616
8205 6131
9910 9558
3324 2302
9240 5499
8426 3329
9024 5967
8149 8010
1080 447
7269 4793
7660 5330
2358 1493
5830 2256
2867 1903
120 85
8001 2794
2982 1910
1480 1186
5956 4246
1089 494
995 336
2883 1094
9646 6651
4321 1515
8248 6683
877 833
7673 2665
3014 2374
9249 6900
6359 2899
3516 2866
3032 2248
8446 7673
1555 1042
401 384
3512 2196
604 581
5861 4058
2766 1969
2792 1367
2135 1637
8513 6158
509 467
1469 490
727 292
8051 3636
3204 1576
6331 4422
797 361
504 482
1309 729
2629 1182
1514 1368
2653 1887
8929 5913
1929 895
6981 2835
3389 2764
9447 3980
8879 7360
3947 3512
9445 6164
4120 1783
2979 2237
2637 1515
4195 2225
7154 5836
7247 6660
7348 6720
4476 3352
5434 4454
8150 7477
3215 2140
730 285
3724 2087
4315 1826
9060 7998
5942 4654
5533 3901
626 343
8692 4633
1250 501
2585 1309
3720 2649
2952 1157
4078 3332
883 764
3083 2917
8084 7295
1988 834
9669 3651
5099 1907
5057 4804
7071 3204
1940 1723
134 96
2329 2201
6651 3639
1453 1216
3082 1214
91 54
687 642
3577 2364
4314 4031
5908 2120
4501 3168
1282 1032
3517 2874
8181 7334
653 589
2712 2216
617 402
892 585
2099 769
7692 6102
3535 2467
3848 2788
8389 4900
2234 2055
8520 6702
7067 2914
2854 1487
5285 2153
3659 1689
6232 3832
6449 2511
6632 5325
4986 3868
2560 1462
98 65
5603 4715
3180 2857
9914 9137
9301 5585
9192 8336
6624 2269
6592 3516
5025 3982
1524 916
651 315
1606 997
2451 2290
1361 751
1127 693
8280 3747
2512 1211
6794 4126
8315 6072
6868 4241
7274 5422
6792 3726
4543 2488
5345 1935
6793 6410
3287 1806
8045 4195
4876 2186
9564 7869
8588 6879
2158 932
9782 9359
3612 2930
6289 3388
5070 4963
4253 3440
4825 2318
2250 2232
3362 2200
4373 2887
8967 7388
9 8
5021 4907
8565 8469
2636 1596
9130 4460
4093 3323
6686 2478
8827 7251
7378 7213
5976 5038
5535 5263
3871 2371
5370 2968
8303 3254
3853 2931
1472 793
3864 1947
7503 5385
2284 1210
7074 3043
6139 5765
1241 671
7636 4649
9012 5993
3520 1855
2565 1112
545 425
6841 2582
6219 3033
4104 3389
2553 1849
9683 7180
6251 5281
7215 4642
451 261
6640 4633
8257 7163
2734 1423
2333 2306
9969 5820
7408 2973
1802 1138
1898 1090
1085 1026
6551 4157
5530 5452
5977 5044
8873 3852
7643 4144
4136 2302
1935 754
5509 3240
4455 3106
5142 3654
5850 4183
1552 1216
6875 4003
6411 5517
7125 5449
4761 1832
1928 834
8543 2974
6931 3876
2034 997
5263 2158
4086 3530
8105 3779
4452 3616
8798 5191
9494 9328
4661 2597
3688 2408
7479 7430
7042 3803
7210 2827
1958 812
5637 4889
2633 2181
7409 4108
6807 2771
9476 3273
2198 766
8855 3195
29 14
2452 1480
8190 7949
597 247
6542 5101
6704 5630
2257 1024
5759 4085
8752 3217
9642 4150
204 160
6003 5395
371 237
2888 2054
2533 2190
6692 5608
2170 1252
9605 4816
1591 543
7608 3504
113 55
4621 4244
9295 6966
5822 3089
1320 542
6234 5053
2869 2262
6909 5133
7280 6543
5274 4238
9412 6751
7084 6733
9546 5674
3373 2903
8379 4637
7016 2406
8997 6272
8177 6180
5560 3573
7345 3105
2338 2288
3600 2085
9098 5192
2932 2692
1228 1037
8103 5396
47 41
2174 2150
3509 1629
3006 2534
2079 740
6762 2614
4063 1989
1656 1103
8919 7748
8753 6142
4458 4407
7665 4544
5087 4645
663 433
9381 4962
5545 5132
5870 5503
1511 574
3624 2234
9869 7121
3351 1990
6957 3091
5347 3375
1385 950
9308 8007
5107 3809
5242 2314
833 446
9102 4726
657 539
1296 532
3084 1423
741 557
7422 4445
5094 2288
6719 4985
6854 6654
2416 1324
2127 1374
1206 1072
9076 3795
2621 936
2103 1920
8889 8464
7321 7234
9042 7423
9651 8682
2276 1703
5377 3526
5313 2522
2710 2488
395 222
1153 938
975 921
3610 3284
2748 955
9531 4559
2095 2039
9049 7409
1847 862
7276 5139
9344 6264
5231 3260
7623 4124
3053 1193
2084 845
7855 7449
5635 5263
2483 1058
4958 3317
1291 1263
5002 2443
5529 1883
8559 8494
679 469
5053 4319
3907 3621
7693 6987
6759 5461
4133 4026
6745 5200
4362 2662
7157 6904
6568 2278
7745 4684
69 64
7392 3546
40 38
8481 7964
6435 3378
142 133
5756 5503
4777 2244
9659 9475
949 452
2871 1046
1424 902
4735 3316
4594 4031
4232 1751
3339 2176
3559 2974
5159 2596
5998 4869
4628 3825
8727 6539
6380 4159
702 337
9781 6507
2304 1835
7199 3598
3075 3044
6325 2211
1970 1773
9924 7944
7493 6114
6527 4110
2630 2608
6037 5098
1484 1403
6878 3312
8910 5548
7448 6410
5171 1813
4100 3755
8853 7951
8405 5873
8524 5173
2836 2182
161 101
3881 1378
3601 1527
8329 3481
4124 2951
6661 3534
731 407
5574 2695
4938 3845
7981 3536
9896 8145
5224 4397
8854 3173
8529 4760
2797 1154
8200 4112
7796 3601
8686 3631
2151 772
6457 6055
5163 3242
8898 4619
8687 7984
9466 8064
9579 5325
733 716
3141 1464
4796 2666
3172 1177
5192 3370
1853 1312
5720 3868
99 66
6724 2510
2808 1982
9563 4677
6580 6100
9956 8843
7856 7447
5905 5152
5081 4251
8466 6971
5420 3654
1788 623
4462 3872
5585 3340
6532 4727
2873 2156
6680 3768
9552 6326
5561 3382
6084 3481
9329 5064
2528 1575
4098 1936
5988 4790
5544 4761
8821 6604
7517 5795
9917 5173
158 111
8381 6833
9597 3282
4655 1912
4012 1863
2125 1991
3798 3522
3946 2779
2886 1835
6459 6147
2859 1710
1450 968
824 753
5750 3128
9907 4178
8238 8130
3546 3195
3620 3250
4300 4152
7314 2831
9363 5215
4488 2952
6360 3320
6292 3304
1807 901
3571 1322
7536 5367
5685 3549
3619 2161
6883 2653
2008 1697
4522 2093
8268 3629
1481 1069
3231 1093
270 153
8884 3394
7452 7432
6996 5305
3236 2213
4147 2126
6712 5121
3828 1786
4837 4250
5764 4759
7195 4529
3836 3529
5628 1945
5575 4735
1888 1823
893 465
6081 3732
572 526
8728 2926
6216 5230
5794 5509
2944 1485
5431 4982
4618 4228
6669 6264
5207 5075
954 928
9067 3114
8351 7162
9746 8714
4943 3475
3274 2469
967 695
3676 1518
4672 3652
6224 4069
9695 7686
6867 2929
1605 1364
3764 1276
5283 2067
6671 4223
9238 5136
7928 7203
7407 5517
787 560
1533 598
1436 1105
1896 963
6512 5639
515 289
1705 1181
4909 3242
2310 1257
1563 1132
2077 1975
3000 1693
6818 3035
7687 6171
3405 1282
347 152
765 736
139 121
4844 4706
9834 7954
6934 4508
5581 4257
4678 4550
2816 2729
5666 4891
7368 6328
9248 6016
548 287
4636 2394
162 117
4806 4355
1817 1723
792 536
224 196
6589 4124
1012 462
5826 5677
1171 1040
7393 5797
2611 2458
303 269
5156 2655
2511 2075
689 462
9739 4391
9814 6645
2485 1516
6993 4392
6795 5490
7138 5686
3617 1388
2232 1513
6195 6098
4940 1778
8006 4774
4965 2928
6905 3297
360 141
4776 4160
6506 4294
2183 1533
5179 5133
2605 2072
4779 3037
8031 6977
1103 882
6901 3378
5773 4401
2828 1395
628 576
1932 1180
2044 1804
6852 4849
1289 1201
6323 5105
7898 3663
8523 7236
4201 3302
6857 3046
6554 5614
4999 3107
6772 3837
4431 1562
59 20
5349 3721
8362 8273
2967 2348
2649 1202
4226 2736
5815 4515
8246 3096
4598 1688
4214 2158
6673 4907
3974 3387
9109 7667
1576 831
9378 7898
5400 4714
6371 3645
3912 1641
7010 6758
1155 1138
6433 4395
9576 8322
7119 4407
9221 3937
7009 2731
6101 4516
1621 1279
3140 1951
5121 2114
457 167
8030 7630
4863 3261
4451 1907
71 51
7876 3385
24 21
7555 4054
6925 5911
1110 881
3262 2188
7937 4505
3882 2844
4182 2729
2627 2455
1602 535
8557 6849
3463 3236
3263 2807
9126 8097
3322 3075
5743 2643
4190 4127
3378 1271
20 14
8499 7039
68 33
8998 8416
5217 3863
8954 3660
9522 9416
9809 8556
3837 1977
5106 4433
2480 2471
3413 1292
5204 1861
4750 4389
1866 1793
6448 4677
8561 4338
2331 837
182 72
2555 1036
5386 2697
5028 4510
5233 2355
5856 3668
708 543
314 232
7475 6672
9554 3546
6472 3425
974 469
3037 1016
1188 866
5440 4597
5890 3681
8486 6424
8836 8142
4113 1667
3670 2935
7775 4740
3552 1672
8039 5891
7846 4027
2922 2129
8345 7000
558 195
4252 4050
9718 7023
6683 4743
5066 2736
2799 2647
5876 2513
2812 1886
9730 3446
9010 8153
9124 3690
7656 7083
5724 3691
2377 1066
420 402
3435 2863
4448 1709
1198 422
9923 8141
295 192
242 90
2693 1434
8606 6534
349 240
6829 4915
3561 3246
2794 1402
8061 3321
7308 4903
268 239
1815 947
503 217
814 448
8231 2915
6689 6479
7217 2716
6575 3596
6514 2637
3824 2276
6643 5144
1283 654
7953 3983
4787 4554
9313 7334
6337 2871
3537 2398
3490 2346
6200 4227
9780 6719
8227 3781
5469 5336
2134 1107
6365 5454
2648 2589
5740 5297
9958 6540
1685 1494
982 337
8469 3709
3772 1442
3443 2204
6126 5742
1813 1215
5549 2849
1554 851
4103 2632
9541 7811
5046 3159
7350 3482
2768 1688
4273 2024
8795 6014
4037 1469
1794 1587
3829 1977
9195 5925
8174 5234
6743 3929
1557 1290
2538 1602
4890 1911
6563 4534
8128 5137
4577 3097
316 189
7415 5554
8966 3169
4882 3464
9166 9057
6321 2763
943 743
9292 3153
9846 7602
9028 7779
5910 5880
9761 3662
8867 5398
4795 2917
5264 2003
2359 1939
516 434
2770 2180
6141 3221
2549 1515
3954 2773
4622 1871
7075 6931
5432 2144
7202 5855
3177 1954
3230 1824
5573 2811
6832 2951
8541 5134
5206 3779
1225 488
5558 4507
8213 3768
9454 9062
7430 7168
8811 8147
3323 2592
4158 1736
5479 3000
1696 1515
636 445
475 408
1396 1170
3254 2711
2723 1380
6062 3633
3919 3079
1872 1548
8479 8315
4790 1923
9885 5294
5577 5053
763 626
465 375
9496 7605
5707 3152
734 406
3480 3352
1235 483
2523 1080
9200 8932
1401 821
6491 2407
9656 4082
6822 5067
1324 694
4959 4015
3325 1891
3606 1642
1018 646
6950 6780
8825 8014
5811 3525
643 549
6528 5356
8352 5391
2582 1147
2954 1679
3392 3219
9631 3634
3970 1755
8618 5973
2701 1771
8041 5556
4256 3138
4722 3388
5505 3252
2918 1826
3135 2842
6266 2696
4044 2920
2826 1520
2193 1326
3437 3001
5833 5443
5435 2394
2281 838
2369 789
6987 3583
1874 1273
2206 1887
669 313
6502 3170
4236 2623
1716 734
8058 3836
8913 3653
3057 1725
5271 3698
7478 5894
2002 1110
1400 1054
5415 2690
6907 5094
192 189
7609 3520
5706 4762
5478 3763
4901 3660
9002 8372
1797 1080
6958 6938
2332 1215
4726 2631
6731 3379
2055 1861
6469 5771
3368 3273
408 244
9351 6892
6483 5635
6908 3299
3843 3206
8723 8534
4984 2105
3008 1715
3238 2603
6277 3984
2115 1190
8386 7936
7911 4638
2685 1187
5506 2334
2919 2133
525 504
945 314
8014 3617
5837 4078
9237 3767
5792 3272
1376 602
7447 3800
1684 1671
1559 1499
1389 522
1629 1349
2390 1407
4220 1546
4385 1679
9685 5938
7250 4215
2088 1465
6636 2901
7943 5104
9099 8501
7116 6986
3541 1456
9616 5563
9589 5478
1033 654
8420 7019
5678 2883
7644 7152
3944 3267
8846 7604
8275 3885
6612 5675
2717 2636
8158 7782
4829 2796
223 90
8305 4336
5174 3383
6997 5510
9738 4804
8891 3466
6110 2554
7021 6673
5333 2586
4996 3369
4983 3107
6162 2235
3819 3689
3705 2472
6558 5021
1912 667
1959 941
2772 2474
9762 7170
5683 4155
8052 3529
9803 5559
8459 5114
526 361
7631 5530
9031 8208
970 960
9053 3928
5799 4667
5631 2200
4941 2606
3170 1361
3483 2939
1772 1219
6161 2882
8289 3173
8198 6106
7974 3361
311 283
7807 5333
5851 5424
3660 2912
3460 1555
4134 3830
7233 3224
7811 4629
7035 5611
1252 1207
4216 1630
590 271
9271 3876
257 149
4536 1575
2586 2501
5880 2989
5419 3443
4467 2741
3872 2930
7327 4887
3981 2478
8838 8779
4089 2364
1008 945
9063 7882
212 189
8284 6515
2540 2345
8660 7211
5526 3369
9087 8013
176 110
6156 5758
5877 4744
550 442
5039 3388
3759 3648
1516 793
254 134
7515 6891
8048 5000
8416 3001
2864 1139
8109 6503
5279 5105
8620 2873
641 363
9129 6650
7490 3891
7723 6163
8938 3864
5147 1762
6413 5818
294 273
835 321
1417 1152
3570 1883
2316 2008
2934 1353
5411 5041
5385 4765
6758 5678
3595 2636
6309 6300
1274 730
6118 5296
9382 7097
90 51
4192 3388
1977 769
8633 4775
5682 3842
4881 3454
3132 2131
2015 984
6313 3165
4211 3683
5165 3978
3428 1710
3451 1800
8159 6124
1723 1409
5119 3747
8617 7214
4176 3233
1272 916
3169 1372
7187 6564
3452 2804
7316 2491
9751 6653
4928 1812
2343 789
1618 706
1834 986
4789 3440
3877 1460
9417 4305
6667 6557
1496 630
1941 1784
7903 3421
8007 3924
2599 1203
3987 3494
2652 1225
175 81
417 139
7380 6068
6999 6699
4836 3638
97 75
4332 3995
5717 3280
4961 4128
1754 1120
5068 2771
8937 4903
7892 6106
7812 7302
6524 5386
7965 4439
4699 4479
8832 5157
2029 1272
2470 2000
2742 1895
472 422
7784 4137
2121 1615
9158 7357
7551 6162
2720 1423
6350 6114
2142 1200
3341 1227
807 316
1752 696
1626 1448
9366 6518
5097 2911
315 154
4202 3009
2362 844
2150 1002
505 370
703 582
8489 2902
3789 2861
3013 1243
9419 8740
7962 7197
9044 7087
6787 2303
9325 9213
5604 2231
8225 5734
6545 2796
7081 4338
1875 1196
2664 2212
6618 6420
5017 4376
9927 4471
2598 951
2848 1021
2136 1208
3461 2190
6112 4150
2686 1167
7726 4482
1201 583
7769 4905
6824 6424
7859 5037
6039 4856
191 86
2844 1179
5849 3966
9936 4112
8224 3452
863 541
1598 1243
7156 4168
9844 4942
6701 4389
5296 3383
333 251
9201 3109
4363 3827
3297 2887
2091 880
4507 4384
6911 6907
5832 2350
622 515
4980 2982
8074 7195
1922 1559
5442 5108
359 153
5251 3720
4128 3316
840 740
5609 4601
7086 4064
8632 4824
761 641
6069 3767
271 124
9665 6639
3331 2887
575 448
8053 6745
8830 6305
484 331
3986 3029
6917 5327
2563 1846
9280 7432
2242 1733
1846 1489
4585 2397
543 469
8794 6927
5957 3789
2118 730
4756 4644
9264 8937
1747 753
7058 5474
3336 1363
9360 5325
2132 1617
6540 2644
8639 7266
3755 1506
7175 5069
8274 4591
9153 3329
280 211
7292 2541
1675 1048
9984 8020
1689 693
5225 2398
2187 1494
984 979
2482 1500
732 342
9543 7237
1257 952
5702 4067
8984 4886
6850 4782
3854 2669
4727 4468
9696 3974
1757 1148
9828 5638
8705 3447
6517 6269
8739 8072
2592 1095
65 28
4653 2009
8383 3656
804 457
4697 1617
3991 1444
6111 3954
1638 827
2016 766
7497 3923
4238 2167
1843 1085
6470 3073
8547 5946
6417 5710
1966 1173
6620 2459
8226 4092
5012 2477
7098 4290
7229 6885
1152 452
4386 2954
2293 2095
4688 3744
3174 2846
9147 5405
9768 9716
8670 6108
8124 4684
1441 1193
4160 3391
7101 6447
2729 1511
8161 7594
8537 5695
6053 3126
9824 4187
9548 8467
2940 2550
5602 4293
1943 1170
4603 2340
2072 1154
3886 3214
1139 1076
7034 4880
3568 2748
3430 2455
6507 3412
7400 7294
3910 2394
9825 8642
4428 3059
8935 6382
7182 2489
3867 2577
4993 3509
2178 1070
7883 5398
6327 5536
964 612
7197 3179
7209 3774
4107 2399
2898 1468
5874 3405
1537 1250
6625 3931
5474 5144
1297 882
9708 6100
5739 4499
1486 780
7908 7687
6655 5311
3748 1572
8029 4655
2830 2799
5517 4256
6688 5118
5597 4898
716 690
1593 828
6963 3344
3913 3347
6207 6189
6652 2329
8312 4119
4469 3350
2205 1972
8860 7889
5589 1999
7996 5559
9820 5304
3293 1575
3007 2400
4344 2432
2552 1042
4897 1968
3706 3144
6017 2295
8021 4782
6781 4974
5167 2653
985 606
8704 8170
1592 1442
8491 6697
6523 4156
2938 2381
7679 6140
8411 4071
2968 1781
2796 1672
5572 2068
6320 5532
5651 3705
2110 1855
2464 2073
1310 851
7375 3260
8348 5832
6013 2205
5031 1929
4349 2998
9551 7429
6157 5226
6368 5552
5606 3928
8402 6143
9269 6993
2698 1726
1641 1317
4927 3322
1994 1225
2386 1516
9904 5468
6738 5837
6006 3432
2236 1576
3911 3167
573 553
9406 6178
7412 2595
7739 3120
8957 4358
1930 1590
85 73
5557 4031
4802 2666
7685 6579
9794 4833
2298 1016
6098 5540
8562 8077
7989 2818
5547 4362
5599 2282
1767 1381
1831 1795
2255 884
5073 3760
9994 7315
2479 2262
1199 819
6329 3391
9818 5646
3030 2089
9380 3660
1302 1079
1163 404
8780 5157
4025 3682
5983 5605
6254 3164
9843 6544
8186 4932
771 393
2268 876
4712 3360
3763 2008
4325 3305
5944 4900
2894 1360
4911 2885
5620 2163
7629 4086
1584 1470
9891 4192
5042 2229
4286 1636
3420 3131
3892 3383
4508 1698
2835 1416
6384 5195
4723 2640
9268 8716
8100 8097
4717 2566
307 223
7414 4459
1682 1076
1365 602
4565 2018
751 315
5272 3685
168 127
5641 4465
1760 853
5936 4635
7565 5031
4342 3007
9648 8428
5948 5775
5621 3704
5114 2208
1839 1089
4651 2354
6893 6670
3485 3022
2215 1025
9474 6196
7299 5952
1030 500
2942 2461
1742 780
5783 3581
5627 5345
2997 1962
3442 2954
914 868
2141 1182
7839 5353
4615 3858
9961 9343
2596 946
3119 2214
2545 1308
8833 3614
4744 4695
7242 6626
1972 1768
7664 3792
957 711
3622 2726
8772 5290
5727 2488
5297 4752
3195 2507
8695 3213
2146 1348
9499 4891
1268 970
7834 5556
1164 1162
1234 585
9922 3372
1841 909
2130 1352
8228 3675
4354 3062
3201 2157
7557 5976
9568 4152
7942 5387
4944 3754
3421 2381
450 360
245 194
6199 3012
6658 3135
5027 2549
615 525
4247 2649
1129 969
2951 1831
6422 3722
1334 1001
8979 3476
8413 4421
4391 4222
5994 3790
211 123
2889 1094
9171 8675
8019 6281
8960 8064
6978 4909
2382 1955
2171 771
6819 5326
9684 4276
6197 2710
7481 5625
1273 641
3228 3200
8180 2870
1203 743
5141 4395
2319 890
235 143
6405 2142
2764 1510
8342 8302
9210 7405
5551 2524
5103 4756
1678 1315
6622 2720
9643 4436
6388 2358
7684 3550
8826 7847
8296 3529
3205 3038
4288 3701
6473 3545
4895 3631
8304 6325
5737 4049
8962 5344
4623 2913
5222 3885
7861 2852
4096 2141
7798 4138
9257 7946
8677 5343
7169 5908
3738 3336
1217 974
5607 5459
9396 6175
5643 3887
8241 7460
9215 5952
4071 3532
3731 1822
6606 6129
385 207
5037 3172
5587 4160
2184 1146
26 19
5335 2616
4258 2460
1093 456
8142 5274
594 266
2822 981
1061 657
7586 6140
6044 5099
4175 2135
7267 2764
1986 740
5300 4845
605 327
7029 2392
672 659
8423 5724
1984 942
6066 4089
1803 1184
4602 1659
979 557
6094 4084
5504 4501
7046 6378
2900 1590
83 74
5919 3831
3751 3271
7444 6590
7567 3411
1877 1568
2212 1739
2576 986
821 356
6114 2991
4680 4565
12 5
1383 838
2924 2147
3742 2656
9881 5012
9687 8505
2028 1333
5348 3430
8665 6277
8619 6826
1688 940
3852 3450
6721 2245
1720 731
2908 2559
7970 6298
4633 3861
8903 6504
4851 4217
2220 1540
5091 4649
1142 610
4660 3495
8694 7255
7440 3039
4398 1912
8141 7529
3310 2987
1084 1006
986 841
5537 5485
4679 4359
8792 5238
634 360
7722 5639
9472 7333
5363 3602
2612 1522
6820 6799
5569 5373
3650 2510
811 682
8264 6460
3212 2669
4481 3671
8259 3177
7648 6507
8276 3970
9152 5640
9187 5516
2989 2039
6937 2444
3830 3152
4853 3636
221 117
3538 2678
2113 1695
4294 1549
6486 5867
3031 2535
3641 2569
9469 5295
2834 2486
4647 1786
5903 5377
1947 1043
3199 1152
62 48
1579 605
3372 1204
8461 6344
6888 2514
2335 1535
9379 6442
1868 919
9931 7317
9008 6983
6578 2382
3840 2946
6873 6776
8774 6234
6123 2084
1132 830
8129 6786
9246 5746
6544 3653
6711 5912
1387 798
9139 8134
2655 1273
1384 1117
3820 1443
5199 4228
7635 4422
5050 4147
1271 1233
4064 1740
8905 4120
73 61
6196 2839
7362 3749
8117 7953
2426 1512
4417 2787
3080 3070
5130 2173
6075 2710
138 136
5407 2212
2120 1459
2896 1624
6598 3422
1799 1736
8046 3327
9223 4017
7852 3413
2253 1196
2209 1822
3296 1544
2398 2369
2421 2055
1787 689
4126 3959
879 521
1293 467
4914 2822
6509 4150
3145 2418
7637 2769
2190 1640
5735 5599
7998 6638
5426 4988
9064 7362
9547 9207
9161 3950
437 416
1798 711
9837 4335
5791 5487
9893 3654
5080 4735
7386 4616
4834 4369
7027 3267
7893 5839
4069 3979
2297 804
9511 8630
2371 1651
4936 3704
8574 5987
4656 4192
2819 1841
4357 2806
5891 4932
6954 6042
1665 1210
911 874
5457 2623
6757 4482
2863 2656
983 564
8949 3109
1489 1118
9255 3894
9376 4066
9777 6949
2878 2476
9018 8441
7667 4567
6437 6036
5256 4952
6280 4357
377 245
2436 1726
9823 5234
7459 3711
3065 2575
5470 2125
2366 2023
6497 4703
3489 3039
666 410
7438 6190
2677 1382
4268 3077
4418 4292
3343 3159
664 561
7683 5419
3266 1460
1038 1021
9786 8665
5278 3867
4982 3448
3804 3134
4973 1871
9003 3037
6429 5071
1344 1245
1079 1043
7421 2885
8710 8065
3319 3230
9638 7901
7979 7023
3817 1322
5303 4020
8587 2978
831 620
1737 1482
2865 1654
1455 1374
2395 2202
1622 1199
1292 1012
721 243
2494 1352
8760 4384
7612 5509
8188 4439
2277 1402
5486 3739
9338 4909
9720 7895
4803 2562
5441 4958
6049 4060
8201 5140
2907 2270
7404 6744
1466 549
571 438
5901 4426
1654 916
2233 1976
7079 3713
3198 1206
2384 2095
6705 5010
3410 2218
9508 8757
118 66
8262 6436
3165 2507
1140 672
5839 4238
9556 8238
1718 918
5973 2221
5316 3712
2094 1777
1025 942
7248 3343
7293 6411
4115 1469
5684 5176
5777 4496
4573 4538
1223 1188
5226 3120
8522 7534
3233 2878
6715 4528
7325 5758
880 682
8439 7136
9918 7105
4084 2942
4540 2266
5374 2503
357 325
2045 787
4857 4678
6498 4958
5151 3650
3138 1765
4670 3089
5218 3014
1919 1322
4407 1509
801 764
5450 3324
4495 2762
6800 3620
4477 3963
7302 6461
5916 2990
3605 2199
6308 4966
813 271
5489 3248
544 488
6460 2613
3693 3019
616 515
1681 1211
1880 1373
7234 5066
4118 1999
449 296
3147 2931
8235 7384
476 454
3526 2835
4271 2839
4581 2747
7112 5760
2566 2387
2487 1801
6664 6648
9588 3390
1974 1728
5990 4967
7137 5059
6352 3865
6570 4959
7806 6340
5633 3724
5318 5245
5667 3037
2307 1128
3675 1289
2700 1194
9184 3840
2423 2075
4227 1923
8965 5764
9421 4542
6752 4067
9897 5730
4496 3376
1992 1904
1891 1047
4109 3267
6948 3956
7437 3592
3250 1631
4444 1543
1081 992
9691 7118
3777 2161
3662 2890
3166 2813
860 375
1473 854
4552 2487
2613 2048
7124 3741
9429 5226
9374 8451
9137 4318
3639 1393
9598 8117
4606 1733
3680 2625
2491 1662
8756 7443
5896 2632
533 458
7851 3698
946 375
1382 990
9765 5029
3861 2517
8956 7023
6038 2738
7417 5090
4920 1647
7283 2756
6268 4133
3792 2121
8326 7395
6423 2735
2173 1168
8118 5247
8680 3994
8183 6863
228 109
7127 5244
908 653
6755 3942
1536 625
4559 3412
4893 4859
7159 3101
9442 8128
6410 5850
1249 814
3508 2720
5912 3112
6916 5957
8347 4637
5946 4253
9148 7464
6995 4554
5443 2119
7171 2793
5075 3726
8953 5646
3364 1798
7858 3443
8769 3950
1439 587
1113 448
4991 4286
8297 3498
3311 2099
3429 1258
5234 4147
117 71
785 442
6816 5029
7699 4434
7198 4025
9134 7361
9663 6403
8669 5047
3603 2346
2522 1222
1315 707
2689 1870
8800 4615
5138 3725
143 59
1805 1301
5045 3061
8906 7827
8849 3577
6666 4433
1886 1135
2752 2132
4223 4157
8336 5308
8152 4553
8896 6375
3550 3098
3252 1427
6340 3289
8299 6786
1091 495
8375 7580
4194 4135
7011 6718
2046 1679
8101 6320
6383 5149
501 258
1183 600
7647 6591
1088 691
9716 5249
6804 3440
1220 451
620 260
5828 3807
6535 5374
4184 2699
6373 6348
8076 3519
6609 2587
7069 5473
539 281
6617 5255
8558 3436
4640 3972
8943 8401
6855 5599
394 189
6267 5924
2392 1618
547 395
8603 8385
8671 4810
5086 3677
3265 2240
1731 679
9216 3492
7741 5922
3283 2436
1226 565
1399 1078
9558 4287
683 237
6386 2373
5915 3141
4443 2380
1867 1167
4770 1984
5512 5368
5778 5368
1608 1541
7653 5786
8810 4417
3491 1532
8658 3672
9119 6429
6657 2812
5900 5281
1851 1023
1957 1346
940 489
8448 5371
5009 2946
5096 3956
2348 2107
2953 2128
7060 2539
1031 550
9792 4445
7364 2572
7108 4261
5227 2564
8761 3433
1353 871
8108 4976
6315 4634
8111 6840
15 10
6182 6098
1975 1819
654 496
9726 8065
7218 6575
9258 7516
4551 2473
5122 3200
2089 1921
155 132
5084 2812
460 445
7611 5970
3869 2298
7311 5979
5155 2624
1792 803
1414 1097
3284 3254
3719 2878
3018 2329
6677 4522
7150 3375
7361 5584
9233 5777
6430 3607
9393 9252
5883 3099
6668 5275
7180 5912
6986 5501
1092 808
997 481
7603 5195
7120 3807
4846 3784
8272 4008
9182 6383
5294 4631
2235 1497
5453 4882
4549 3149
7964 4259
7954 3488
3273 1514
2166 1922
2054 1935
7780 6150
9289 6687
8983 7482
2080 1831
2022 719
6776 4552
6185 4632
4590 2707
2133 1710
4397 1916
7994 6677
2057 1743
8339 6061
5812 4934
7460 3312
7103 3310
5929 3326
3685 2584
3747 1927
6255 2694
3049 1541
9581 7360
1333 1080
6244 3082
5696 3277
2289 2268
9123 4173
3875 2005
5887 3323
3667 1334
8322 3851
1741 1558
2868 1963
5321 4437
1784 1124
5878 5432
9154 5361
9533 4735
6702 6469
2181 2126
7936 3213
2163 2118
6750 3702
8840 7908
5972 2269
2855 1028
4112 2663
2239 1034
1288 1040
1849 839
7961 7426
7870 6398
5379 4834
2762 1939
6217 5218
5074 2857
9359 9076
2279 1988
9111 6206
8843 4182
2429 2291
4299 3109
9304 6602
4529 1998
1717 1431
1004 469
8460 3895
2831 1129
4035 2738
14 13
6208 5158
3118 1494
4166 2724
912 762
9491 5795
1372 765
7511 6583
9991 6706
3654 2079
6152 4369
745 367
7826 7689
4144 1665
5894 3588
9853 6337
3713 3663
7461 6606
8996 6532
6641 5242
9728 7285
1939 699
8249 4310
6650 5427
6214 5333
2702 1646
4028 1692
1258 462
9510 9348
3358 2709
6174 2755
3471 2337
6637 3905
7925 5172
9022 5351
589 446
2570 2057
1810 1348
8567 4752
8020 3458
3394 2842
8035 5676
901 846
8430 8388
8047 2717
1715 1045
671 384
4877 3495
6083 2696
7731 5263
2562 2446
7309 6971
5757 2903
6113 2488
7366 6785
7602 4222
2430 1646
8859 7402
6733 4725
6387 5903
5327 2397
5931 4776
4832 3226
7624 4974
6090 3997
3762 2977
6129 5424
3841 1556
7922 5950
7751 5944
454 296
5276 4423
9168 8189
9070 6649
2930 1231
8766 5766
193 74
6059 2272
7737 7692
434 304
7227 4613
4694 3369
474 287
5738 2665
8637 5241
9400 8377
9609 6525
512 356
8945 7721
780 479
1009 875
3666 2498
1625 1518
6946 2832
2484 1644
1673 1649
3397 1357
6095 4416
5636 4449
3136 2275
692 389
7304 4746
3915 3129
1865 699
4956 3447
4274 3798
2459 2415
1776 1661
900 509
8191 6425
4823 2680
4729 1728
1356 1065
3499 2662
1721 1184
9140 5763
8488 7158
7881 5370
2881 1325
2116 1784
35 28
5154 4379
1937 1867
8204 6823
8631 3476
9954 4730
5261 5160
9291 6241
3036 1278
4480 1525
313 205
7840 2799
6894 2369
6045 3715
8914 6971
9267 8646
675 331
1137 470
9526 7515
9790 8265
9122 6604
8083 7066
2981 1497
1380 1268
3422 3411
4409 3906
9624 4404
8410 4646
5898 2045
8217 7035
7583 5784
8013 2992
9114 5515
7411 6909
470 347
3382 3346
4547 4100
5951 2806
78 59
4642 2686
8211 3617
7625 2554
1174 752
696 553
717 264
9933 5289
6859 4814
1995 923
5299 1956
1642 690
1063 625
5059 3060
4262 1697
9073 5608
1951 966
8502 5104
219 141
6318 3410
3646 1606
4718 1767
6516 3793
8243 5575
2659 899
1170 621
1600 724
1078 410
7982 3333
1304 890
9559 4127
3502 2630
1054 351
3712 3405
8600 3848
6845 5247
5418 1995
6312 5266
7593 6118
1680 919
3153 1974
5304 4349
1378 705
897 773
8653 6797
8729 7444
7621 6879
2267 2082
5958 5493
4461 2463
9336 5683
2743 2741
3697 1653
3436 3049
6385 5463
7805 5341
6213 2715
329 243
28 24
5669 4611
2769 2381
7571 4583
7694 7137
6543 5900
428 292
6434 2154
5247 4899
8755 4906
9331 3717
9957 6332
6791 6498
6135 4086
7167 5691
8068 4311
859 605
4248 1975
1445 887
9175 4708
3276 2237
4061 2637
4307 3319
2941 2327
8286 5028
1531 722
6866 4303
3347 3173
3020 2480
6914 4904
1421 911
8373 8072
2092 1580
4424 3321
3997 2575
8085 2762
3329 1363
6635 2418
243 208
2373 1604
3446 1394
3144 1090
220 211
5869 5704
8094 8090
736 686
9372 5691
7358 7178
9196 4077
7472 3710
844 689
3823 3484
1662 1106
6536 2877
2492 2273
9066 3534
5212 3543
7762 4665
9731 7613
2990 1556
9689 4836
6943 4456
8985 4105
34 18
2709 1262
4380 3438
9433 9351
5782 4235
9864 4429
4131 3395
9335 5081
9208 8578
5391 5049
32 29
9903 7226
4065 3064
4765 4038
1029 743
346 270
790 437
8663 6993
2628 1280
5111 2024
4382 3383
4817 2312
3484 1377
4946 3978
7682 7418
8295 8294
3815 2893
3643 3549
1131 738
2525 886
4708 1688
2087 1010
3865 2566
3256 2991
3531 2819
380 316
600 496
3945 1950
4306 2646
8412 7575
1604 975
6369 4702
3964 1923
6403 3305
1961 861
9906 5829
6269 5717
3328 1710
2056 723
7562 6482
2049 930
4282 2917
1703 922
1471 695
3152 2066
2042 1136
8503 7634
2744 1399
6656 3248
5752 3532
6653 3030
9722 5998
770 446
7729 3943
6619 2550
9672 8946
723 317
7093 3791
9065 7506
3115 1406
184 62
8715 4974
233 90
6885 4097
7339 4630
6777 4021
8992 3327
2341 933
8318 7638
7424 3589
8465 3437
9180 4958
2461 1324
2803 1450
2148 2083
8649 7432
3849 3829
8678 4550
2575 2265
9701 5018
5546 5320
9481 6845
4170 2113
9025 4749
6849 5672
1670 1494
5398 4413
773 457
618 230
8948 7515
855 533
7334 3901
6938 6281
9706 4614
3754 1638
9760 3431
580 540
1610 844
3547 3508
2827 2303
9375 5026
4411 1480
8057 5794
8724 3140
9448 5283
9679 8988
6681 6568
6293 3176
3062 2522
9833 7729
8163 5380
4555 3106
5157 1912
8467 5563
8887 5931
6286 2212
5955 3917
6736 4762
6 2
4506 3074
2650 2239
3845 3608
788 723
6596 3862
9999 6241
9136 8664
3635 2144
905 578
4985 1722
4479 1519
7133 2413
5634 5574
8942 8760
3770 2752
9627 7331
8179 6420
7587 7275
9671 7599
8709 5165
2346 1177
7255 5349
9205 8470
8564 3483
2939 1387
6729 2405
5844 2887
3549 3491
2053 1789
3197 2082
4719 3179
2321 948
4141 3544
7877 5095
287 214
2976 1597
8993 4537
1989 1724
8648 5123
3611 1745
973 448
5029 2168
3890 2372
865 488
5860 5441
8916 8715
4042 3030
1910 1573
379 252
8594 5780
1545 845
6218 5607
3406 1152
5989 4738
8549 3941
1596 1583
952 811
9750 3586
5133 1722
4593 2752
6072 2724
264 109
6988 4876
6513 2924
7794 4962
4185 1590
4691 3981
1677 1619
5158 4900
2407 1825
603 590
4374 4161
4181 2252
4721 2178
7471 3908
1433 826
1848 1545
3005 1125
8421 3917
4763 1850
6503 3020
9475 6422
3113 1607
2992 2893
2892 2402
3121 2132
3920 2947
7336 3074
4785 4600
8 7
4429 2707
8433 7061
6737 3134
1730 1136
2502 2307
42 27
7707 7130
7676 3266
7640 2781
7790 6457
9942 9262
3340 3327
1242 449
9373 4420
7860 2948
3384 1563
9229 7978
4241 2630
3308 1916
6862 4700
2887 1313
6662 2637
760 485
1462 701
3961 3191
7947 4775
5629 3427
7810 3738
6191 6063
1510 523
8865 3237
6103 2319
368 248
6366 5400
3354 2793
3816 1486
4873 2045
7241 7173
4036 1536
3176 2396
674 397
4440 3920
8055 3399
7038 5169
4872 4252
8554 4384
3557 2656
54 34
5525 3213
7469 3484
2 1
4033 2984
3282 3222
7999 4725
284 111
9962 7278
7600 3465
9658 4967
576 239
1046 944
3469 2087
9909 8901
9690 6214
8353 7096
1669 715
165 88
4520 3362
5015 2618
5755 2666
3544 2648
9928 9584
6324 3720
8576 5361
5358 3568
9487 8341
345 257
7310 4448
6955 2668
1804 774
7847 2741
6012 3452
8629 3111
4474 2894
2217 880
4149 3895
3967 1336
9418 3624
3249 2584
6408 5596
3318 1459
8139 5937
8354 7464
364 214
5229 3572
6490 5625
7620 3970
2026 1567
3784 2047
6604 5678
6085 5182
2833 1346
1487 1116
6827 4000
4287 2850
8483 3022
6354 6080
5372 4496
9091 7614
2624 1950
1072 479
3495 2405
8300 5066
9220 3200
9673 9058
3039 1404
3134 1592
5189 2047
6903 5885
253 134
2312 1412
2704 2303
7396 5927
5677 5657
5146 3337
939 893
5344 3727
7512 5744
5077 4485
3272 2962
178 70
2070 944
5665 3170
3417 3266
7799 7330
8113 7209
677 632
6100 4369
8784 7731
5030 3010
3183 1514
1485 1055
7315 3069
2352 1135
6052 5612
4922 2471
725 697
6959 5891
8835 8504
2943 2673
556 245
5056 2896
7130 6192
4510 2184
6154 2983
6870 5226
4338 3181
1200 494
10 7
6063 4188
1917 899
3818 2307
5048 3363
1403 1340
7168 5614
6706 5797
1644 762
2244 2215
4125 2564
6742 4589
9096 4325
3623 3186
9232 7214
1908 1645
5834 4778
4915 2041
5576 3568
7724 7099
3504 3392
6830 3302
3423 2651
1118 758
3596 3180
8114 3343
7107 5436
9501 4693
1881 1430
4159 2359
8693 5777
3066 2694
5302 4274
6201 4493
4313 3811
6607 3957
6982 4011
680 442
5437 2164
5790 1966
7166 6321
1671 1325
9127 8117
4799 2022
3582 2726
4041 2322
3794 2371
7357 4279
6021 2731
6089 2253
4502 3304
9852 6614
3969 2074
4856 1888
3976 1381
5638 4769
6600 2592
1918 1371
500 497
7360 7357
250 181
239 81
325 185
8822 5442
2935 2306
4228 2966
3968 2024
6813 2965
2754 988
6282 4287
2988 2116
1347 686
1953 826
7455 6913
6538 2346
8285 7071
2223 768
1517 1187
635 624
3934 2966
2440 972
2595 1875
9432 4037
8148 5625
3391 3097
3973 2756
3130 1329
749 353
3094 2457
4681 2792
3673 2353
6846 3669
5868 2840
1056 598
3060 1173
6998 5004
7235 2655
5423 1994
659 370
1461 1301
9787 3930
7950 5851
8218 5113
3521 2896
8153 3915
5926 2066
1332 609
6984 5360
1083 508
9976 6594
6896 4825
6611 3927
259 181
931 652
8121 3157
281 96
2543 2527
6401 3428
3661 3400
6414 4360
7188 2785
8615 2873
2681 932
778 617
5098 2758
1934 1686
9340 6737
8844 4927
3938 2612
8143 5869
3167 3042
298 106
8135 4600
3411 1269
5494 5127
5741 4888
4883 2469
9652 4070
541 516
9858 5655
9234 6146
7238 6537
8166 5564
8050 5279
5813 2144
5004 3219
3191 1514
4933 2572
2126 1594
5626 5508
7813 5343
9186 3456
2880 2244
3863 3196
7177 4750
2970 2127
7547 6378
6227 5892
3438 3202
238 207
9193 5325
1530 1382
8395 3289
7574 5272
6812 6149
5085 3718
4625 3800
8147 4793
744 670
9231 5979
5295 4041
926 711
5975 2588
9868 6698
6546 3677
8596 3107
9519 7445
9167 5586
8417 8094
9913 7461
1519 882
9392 4704
9561 9206
8517 7847
8688 7913
9343 4333
9371 4142
8641 7830
343 159
4032 1684
3073 1878
7492 3393
8778 2987
3658 1531
9300 7429
4884 4159
1094 468
8746 6015
6967 3369
6057 5422
8071 7117
5338 2980
6603 4705
7413 4754
7588 5819
9456 8789
3061 3057
3649 1464
562 390
2101 1125
7143 3920
3637 3261
2463 1111
1493 1331
5857 4141
6685 6565
5970 4505
7792 5754
5464 3745
6756 6065
9892 5840
7817 2634
5843 4506
2412 2238
6241 5765
7939 4415
5477 2104
5324 1885
8525 4749
3948 3868
4972 2556
7987 5245
66 47
8837 4351
4885 1673
1275 670
5945 2062
6300 5065
493 425
306 183
8464 4611
4879 2403
4024 2507
4471 1972
3699 1267
9163 7555
5593 4607
8049 3896
312 286
2745 1905
2251 1055
9272 3695
468 437
4821 3340
5519 4871
5918 4140
3227 2425
6802 5243
8438 4155
9948 8110
8028 5445
9981 5956
8861 6446
4283 1723
8546 3859
4845 3528
6476 4413
5768 3411
1195 520
4348 2236
8253 4206
9968 9955
8636 3287
9176 6151
4177 2494
190 106
5501 3160
2064 1156
7530 3921
8816 7774
1184 693
570 262
992 888
8900 5623
3741 2628
9901 3494
8247 3979
5758 5228
7121 3838
4509 1861
2642 1102
3160 1155
4408 2770
4852 2242
2218 1406
7063 4125
5663 4125
6856 6789
6461 4933
94 86
6834 4251
2411 853
2807 1030
4562 4277
9620 8303
4724 2106
2137 1662
7231 5592
8372 5422
9411 5198
1037 475
5855 5510
4669 2539
7764 4574
2790 1346
4419 1710
4564 1569
2884 2431
6361 5184
8847 6519
5230 2813
1336 922
2108 1823
5286 3184
9744 7563
2357 935
887 337
7273 2427
5542 4956
7096 2852
565 262
9427 8215
89 66
6468 3047
9405 5957
8252 6757
1358 1104
2696 1805
1571 1016
9997 3921
4757 2564
4811 1975
8963 7269
1631 1275
8831 3003
1169 1051
2364 1893
1497 921
6874 4916
3750 2609
7287 3150
5239 3414
3555 3372
2910 2328
7278 2916
8708 3137
3352 1982
1125 943
9680 5895
2374 2361
1435 1367
7959 4766
6440 4969
9337 7177
9038 3399
1133 524
1049 677
2697 1853
5734 5661
1755 869
88 62
8131 4860
3161 2577
1286 971
8086 5601
7957 5476
3785 2846
2182 1231
308 226
2443 1727
4023 1909
3109 1597
5588 3445
8876 8823
9557 4138
3608 2436
1026 725
2213 1743
9514 5871
6920 5537
6861 6705
2063 1872
4117 1838
7416 2896
7563 3294
1646 814
290 253
5580 5197
3175 3163
4752 3603
7158 6632
3621 3127
3879 3846
6811 5565
2219 1993
3802 1832
9821 5494
336 200
9681 7278
944 724
9709 4476
7004 6373
6838 2366
8165 4745
4302 1832
8902 4474
1211 477
9347 6752
3387 3023
2036 1466
779 446
3599 1591
4304 1574
5787 5089
1366 933
6785 6412
7006 5945
5798 5648
4772 3837
7539 3511
5642 4750
864 434
2965 1646
8624 3881
5656 4892
4475 1866
577 576
4812 3163
6463 6073
6175 5562
5265 4156
9451 9354
7900 3038
3229 1667
323 254
4486 3199
5687 3872
2514 1474
210 124
9629 5117
3758 3527
7245 6019
237 235
6149 2218
4137 3895
2185 740
2060 1293
2774 1578
4155 1393
1437 1356
5270 2929
5608 3509
7529 7196
126 64
889 819
755 503
3222 1881
9865 7038
5215 4122
3995 2416
8622 3278
6441 6215
1045 991
3210 1569
2920 2093
869 702
9980 7357
2647 1343
4320 3236
7212 6503
370 272
7616 6478
8089 4179
1500 1355
7170 5541
1190 506
4861 2183
6746 2509
2853 1467
9538 8042
2771 1698
3010 2013
5586 3550
1609 1211
1005 637
9462 9223
1157 902
8661 5888
5819 2927
6964 4996
2617 1814
9097 5672
8999 7003
3361 3077
261 90
3574 3055
9278 4836
6833 5086
6071 5278
2728 2349
4957 4122
5907 4210
7748 5361
1777 774
350 124
5760 3748
6786 4428
7866 5423
8527 7476
4183 3225
753 479
1819 815
6817 5131
6989 4998
5425 3455
2051 1686
6390 2895
7379 5982
8027 7123
9507 5490
2841 2345
2849 1429
9705 7253
8096 3702
2749 1810
5201 2851
563 310
8845 8652
6602 2450
4994 3026
5356 4875
6710 4857
7984 5932
9021 4571
8813 5207
4383 2506
5995 3478
4604 2973
9386 3676
8338 3630
4630 4069
3507 2111
5675 4072
5190 4374
5413 4197
5913 2122
3506 3453
6025 4857
1394 1329
8505 7973
5503 5163
1578 858
561 251
6803 2277
31 12
7332 7131
283 120
136 70
9181 5201
1467 1261
9104 6976
8282 5810
5899 5220
5260 3029
3346 2247
9151 4138
4782 1984
3360 1989
9488 8891
8123 6793
5000 2605
1993 943
2381 2142
4677 3232
6674 3082
7837 3184
1278 517
2067 891
1240 1041
4005 3447
5772 2519
4017 2049
7735 7537
3638 1665
3 0
9463 6724
6168 3322
95 66
6788 3896
5339 4511
6944 6140
1739 1110
2668 1556
764 435
3217 1697
3999 3785
7153 4862
8666 3641
9239 5393
6670 3590
4711 4321
9252 5555
9842 6046
1420 709
8535 4232
4898 2001
8745 8528
1112 602
2478 1885
3017 2059
9898 5961
8112 7066
3056 1555
1071 595
4746 4152
546 282
2322 1874
6659 5099
4556 4313
1544 1280
4929 2988
3949 2723
6245 4977
297 189
7718 3951
6301 3921
1976 1498
4030 3568
8365 4674
4643 4284
9887 8172
7554 3484
1585 1427
2955 1785
2501 2129
1010 677
4319 2061
5214 2360
2879 2780
6105 3251
6036 5592
4538 2459
1362 1204
2980 1789
2258 816
4682 2565
7971 7129
2820 2324
2927 1613
2301 810
9753 4314
7337 7108
6346 3031
4637 4366
2011 891
4945 2380
6399 6277
8888 3595
7899 7681
2114 1038
5953 5665
7249 3596
9261 9175
106 51
2086 2069
5516 4469
9812 4287
1175 1147
6853 6091
4309 2585
1911 906
4981 3736
9900 4857
690 605
7976 4444
3633 1485
1165 449
6504 5476
7220 6046
4820 3103
7100 3885
6687 3210
8643 4808
6574 4297
9727 3563
4384 3598
5384 3732
443 430
6985 4357
9617 8351
5164 2386
4627 4097
4484 2852
9054 3262
4778 4708
2536 1265
9571 8490
5305 4207
4533 3002
272 264
4284 3812
9604 5577
4254 3338
4186 2116
7208 6284
6177 5572
9813 8548
5566 2484
6016 4606
5473 3742
4423 2158
9829 4025
6104 3407
3903 3781
5322 4496
1811 1421
3721 1922
9668 5785
9769 7199
225 221
8808 5347
6237 5596
5228 4049
2666 1760
2305 1503
8472 3019
1187 907
5632 2511
2862 2618
7277 5540
414 347
1791 843
2679 1633
2962 2671
6000 5370
7335 6854
903 843
1066 524
411 295
3247 2019
2018 1821
6599 6231
7340 7071
1051 943
1346 1315
2328 2016
366 270
8605 3412
6115 4573
3579 3044
4052 2438
3052 2841
208 122
5719 4525
9470 8344
8091 5980
6734 5761
4067 2543
998 646
3015 1882
7991 3931
8156 5358
9251 8654
6220 3430
9294 6714
4504 1936
1694 795
2690 2652
4967 2097
524 212
3326 1136
1878 859
4703 1767
4862 4731
8487 7578
4450 3451
3260 2534
899 769
362 199
3076 1057
759 397
7099 3640
6552 4293
486 234
2427 1313
7560 7465
9173 7541
3258 1637
8654 7113
9458 4034
9185 3593
3478 2361
7606 4817
8570 8375
9934 4405
2778 2644
4297 3846
5786 2080
7650 5550
9524 7860
6835 6803
6881 5742
4645 3908
9987 8361
3214 1381
9608 7610
848 337
9593 7598
6897 5369
4868 3535
2326 2239
334 253
8815 7176
378 210
2261 2095
5160 2102
9007 3248
8890 8189
5169 4296
3548 2401
4908 4824
7399 6126
3936 2277
4952 1846
1423 1147
8572 6518
1478 1016
5148 5095
6246 5459
2787 2435
5108 2136
5960 2930
7533 5572
6952 4609
4329 2419
7740 6965
2078 868
6165 6132
6007 3148
881 307
2750 1948
4082 3479
3868 2339
9440 7343
6026 3330
5023 2865
5595 2533
8368 6655
2591 865
3593 2343
2033 1395
2829 2222
2695 1894
2458 2034
6188 3614
8245 5186
7760 4392
188 170
4169 3468
33 10
5373 5223
7872 5753
3203 2850
6464 3195
4793 3492
8646 6036
8584 3847
9277 4407
4641 1879
5480 5225
2221 1177
4797 3137
1014 984
9725 8295
164 82
7763 5213
9422 3882
847 822
1391 944
3085 1713
6891 4239
172 87
6209 2520
8120 3828
8360 4406
2554 1184
1647 900
4512 4253
8655 3743
5197 4654
1 0
5329 3603
7595 3155
1443 1410
3651 2733
4076 1564
7934 4662
6087 2916
8056 5453
7755 4668
8385 3259
8975 6025
1971 1357
7720 5318
8652 5518
934 323
971 349
1855 1103
1582 1059
4049 2422
697 577
2347 1663
4775 2936
9527 8585
3316 1309
9973 6751
3904 3806
7056 5668
2388 2355
5208 5101
1768 958
9043 7161
8038 7473
9850 6942
4732 2321
4739 1898
5153 4554
798 290
1073 399
3267 2545
6974 5482
989 617
7372 5461
9037 5461
9314 8731
9702 3966
36 21
2544 2426
5746 2547
1109 848
3003 1218
7766 7514
9759 9477
534 247
3494 2838
8092 7478
439 341
2264 1522
7080 6586
6648 4238
365 196
9937 4011
2858 2074
7960 3346
7661 7370
6231 2609
1615 692
1041 959
8866 4142
2537 2078
3498 1674
5543 2634
56 22
8920 3445
258 211
9286 8548
2387 1142
870 613
5492 3570
6014 5543
5498 3702
4278 3369
7179 6725
7317 6630
1019 976
4355 1453
8924 5823
1726 1209
1027 473
7318 4653
5101 3722
3027 2330
5502 4429
2735 2500
6676 4524
9715 3991
4045 3437
7704 5464
456 262
5671 3040
4457 3920
8122 8085
9459 4544
4568 2066
567 544
1316 645
5072 3132
4650 2952
8773 3997
7482 5976
9430 5541
