1000 646
344 201
901 536
311 187
385 224
374 293
236 192
873 712
443 212
262 125
208 154
831 784
852 497
58 23
917 343
556 501
958 684
749 285
286 194
441 264
987 865
557 290
887 571
912 865
592 588
412 285
734 356
467 394
574 482
348 230
518 265
706 619
338 133
266 251
690 574
117 90
972 914
595 451
908 380
298 253
463 350
819 577
718 514
198 77
544 320
73 41
92 47
430 326
279 238
528 220
594 487
809 435
116 76
191 156
429 417
794 742
572 408
956 661
341 255
593 475
420 362
895 330
140 87
821 566
393 354
94 42
118 39
31 18
13 6
358 248
859 452
461 172
948 579
135 112
228 153
722 431
9 6
166 75
630 437
915 740
959 895
44 42
220 193
648 288
693 619
950 470
15 4
877 615
422 370
571 559
494 187
798 388
38 18
297 264
77 67
503 471
83 28
289 201
107 98
397 285
88 29
579 417
611 498
45 23
552 391
3 2
566 192
770 543
80 59
213 130
57 56
540 379
916 653
23 18
433 205
725 597
610 389
335 118
181 153
820 400
440 211
517 488
134 47
202 133
29 14
188 167
688 444
538 251
600 573
438 248
320 134
136 89
724 640
609 382
206 95
485 374
974 833
985 737
379 252
946 816
618 615
546 265
885 701
801 601
825 371
889 687
87 53
67 36
849 844
712 275
891 660
19 6
603 522
803 643
360 208
810 533
52 26
864 427
949 458
350 207
260 234
353 175
631 505
480 383
11 9
837 504
637 450
153 54
739 606
669 465
284 250
473 448
500 228
735 488
221 220
515 177
680 289
711 452
886 799
50 34
111 78
28 25
141 108
898 810
200 173
771 385
219 138
670 491
418 276
496 209
376 285
161 90
425 389
747 495
691 665
475 206
869 681
862 410
863 572
588 390
468 290
830 754
651 406
563 477
764 619
533 466
442 299
115 76
883 374
398 342
505 215
978 961
269 137
446 240
811 280
464 248
26 16
828 441
493 279
759 452
508 246
633 547
635 511
233 138
216 148
150 78
586 522
79 65
775 563
371 225
97 92
122 73
411 211
327 253
133 88
218 100
162 127
310 157
944 804
621 226
973 617
534 269
36 19
672 496
301 135
509 423
652 507
186 90
880 858
342 133
201 86
474 306
590 482
583 378
720 560
839 468
871 646
193 107
249 134
252 112
550 203
22 18
190 109
451 204
277 209
578 226
159 141
921 822
806 498
235 202
737 658
499 377
778 418
604 338
577 510
526 487
784 519
616 390
504 495
960 341
814 582
359 258
636 544
537 354
209 203
832 810
714 601
143 104
581 504
591 474
677 574
626 586
961 935
60 45
223 120
827 454
447 379
75 47
719 600
507 479
708 679
104 59
296 212
434 334
650 343
237 225
98 43
476 455
663 424
254 110
753 585
403 358
982 455
608 257
16 8
868 866
730 333
95 78
457 251
465 300
962 476
513 210
833 348
258 101
55 43
247 145
456 308
783 568
781 393
76 49
466 176
673 575
976 868
664 657
69 60
760 492
634 407
654 409
421 316
130 83
74 31
137 102
580 458
340 162
596 263
428 282
259 221
481 387
549 396
744 406
272 184
934 375
585 435
681 252
12 5
731 386
128 77
424 295
109 71
449 326
445 293
32 26
506 360
105 52
46 15
879 349
479 392
417 179
239 107
667 447
812 457
797 708
954 680
796 339
738 279
657 533
380 170
543 504
993 639
804 545
323 267
203 176
520 433
782 371
943 591
458 249
241 230
390 309
211 137
227 198
484 366
81 50
71 65
40 26
727 491
519 502
728 463
553 216
145 89
47 31
929 655
355 326
452 169
957 591
53 49
554 351
436 239
407 182
842 761
676 419
103 69
700 401
382 247
154 109
423 192
772 569
369 156
701 596
199 169
171 141
710 682
763 668
853 585
640 485
240 222
548 300
904 347
41 13
214 71
329 120
303 128
790 643
129 82
169 127
952 783
597 246
65 31
709 535
315 229
813 489
516 382
994 831
363 306
408 393
337 331
489 291
459 249
163 92
426 145
542 431
884 600
685 652
168 64
333 255
666 453
205 102
158 143
132 108
183 62
986 659
628 511
924 527
966 731
776 713
174 173
874 453
846 730
653 615
902 346
643 341
343 143
748 709
251 101
906 465
785 740
42 27
246 141
17 14
450 250
54 42
497 283
405 311
231 173
125 44
486 206
668 244
419 293
189 78
453 182
460 398
366 189
25 11
56 27
64 24
996 618
909 492
674 407
569 215
963 520
935 645
27 21
565 332
817 410
157 118
144 142
761 634
777 735
472 248
726 441
63 60
265 196
384 326
406 137
396 197
455 387
120 49
131 89
37 32
970 494
66 35
225 160
535 259
882 444
696 352
114 39
938 656
675 342
113 74
878 694
769 368
62 47
391 242
587 473
331 164
802 496
334 114
575 349
401 287
589 512
318 118
165 96
692 394
147 51
615 274
927 440
68 25
238 169
4 3
164 98
936 362
178 124
840 384
822 726
762 336
462 442
1 0
282 227
780 374
106 85
689 605
146 111
138 131
562 555
432 190
824 345
8 7
112 108
488 425
547 267
93 47
187 66
896 381
758 393
955 781
395 252
717 578
682 540
826 640
601 256
271 91
319 157
645 374
605 504
756 270
86 82
192 83
160 135
989 518
492 255
70 66
656 502
361 281
295 215
865 516
78 62
599 580
413 148
495 387
918 667
491 280
351 337
716 582
647 294
662 556
242 124
90 38
981 634
439 390
536 307
194 193
283 97
292 171
2 0
620 365
309 171
931 396
713 678
409 278
96 62
427 233
263 121
919 511
768 639
127 42
679 240
362 188
823 330
268 157
328 237
793 704
746 662
558 479
808 437
968 534
920 369
33 24
995 429
815 681
176 90
545 541
402 248
969 466
894 493
501 274
123 59
387 254
988 478
